25     885    167  **
24    8862    255  ***
23   12569    244  ****
22    9892   5108  ***
21   17813   2791  ****
20   16953    914  ****
19   12207   1005  ***
18   20472   4448  *****
17   16661   5828  ****
16   17876   5292  ****
15   33400   5260  *******
14   42031    833  ********
13   44293   1049  *********
12   51088    858  **********
11   60280   8128  ************
10   74758   4632  *************
 9   72716   9939  **************
 8   94657   6477  ******************
 7   99749   2075  *****************
 6  137278   1254  ***********************
 5  138722   2462  ************************
 4  161542   2854  ***************************
 3  174558   8753  ******************************
 2  201553   9401  ***********************************
 1  239689  10303  *****************************************